0	0	0	0	0	0	0	0	0	0 # H  H	
0	0	0	0	0	1	0	0	0	0 # H  F
0	0	0	0	0	0	1	0	0	0 # H  Cl
0	0	0	0	0	0	0	1	0	0 # H  Br
0	0	0	0	0	0	0	0	1	0 # H  I
0	0	0	0	0	0	0	0	0	1 # H  Me
1	0	0	0	0	0	0	0	0	0 # F  H
0	1	0	0	0	0	0	0	0	0 # Cl H
0	0	1	0	0	0	0	0	0	0 # Br H
0	0	0	1	0	0	0	0	0	0 # I  H
0	0	0	0	1	0	0	0	0	0 # Me H
0	1	0	0	0	1	0	0	0	0 # Cl F
0	0	1	0	0	1	0	0	0	0 # Br F
0	0	0	0	1	1	0	0	0	0 # Me F
0	1	0	0	0	0	1	0	0	0 # Cl Cl
0	0	1	0	0	0	1	0	0	0 # Br Cl
0	0	0	0	1	0	1	0	0	0 # Me Cl
0	1	0	0	0	0	0	1	0	0 # Cl Br
0	0	1	0	0	0	0	1	0	0 # Br Br
0	0	0	0	1	0	0	1	0	0 # Me Br
0	0	0	0	1	0	0	0	0	1 # Me Me
0	0	1	0	0	0	0	0	0	1 # Br Me
