-4099
702
37097
19020
-31331
6075
-24016
-41169
-10651
-27268
33370
43311
-24672
3983
-13623
35960
-1030
33357
-26494
-18186
-9790
10738
-7188
13612
31467
39925
-23293
-9914
-33042
-46098
-35441
41463
-42116
-14132
25858
33558
34810
17360
46484
20036
8972
18879
33727
-2791
-18134
36185
24701
-40576
42219
28415
-10677
24218
9361
-19010
44515
-11516
-46944
-34198
106
-29086
-18733
44785
-47389
-3878
-42463
49761
25575
-49979
46950
-12012
-29427
41966
23164
-40570
46666
-45741
5956
-33037
-31262
24029
-9299
-49259
-38578
-724
26804
-19847
33382
-37429
18011
-34342
-42458
28420
-44055
-29284
-9923
16973
10082
38836
-19309
-43129
-41844
17334
48376
-38463
-25939
32231
48998
-5649
-24023
-6637
18559
-25485
-15438
35214
-9174
43232
-35085
-8222
12532
-39137
46227
-37784
48813
26218
47341
15321
-48906
39226
18057
-47122
14845
44336
-6796
-27690
-4591
-48911
-44914
39864
-14644
37780
-3373
-34238
-16879
-41710
26536
36438
32952
42369
36374
13994
-15003
34806
-32168
-24675
21583
12946
-5963
8662
-37888
-8747
-47957
-13779
27055
-40275
27440
-40321
-24167
14961
13705
16627
-46401
12005
34374
-5104
36226
4813
-16531
-46220
-23305
21179
-36086
-1515
-8423
18654
-18147
-48094
47787
-10984
-6623
1988
-41008
-43800
-46527
28285
21492
11970
7146
-16380
-9612
-29486
34806
34471
19446
-28254
21243
-17606
-28368
-36410
-26297
-29746
-37380
-10118
-6649
-47670
-11266
13635
-31425
27547
33353
-46809
1755
49710
-20175
9643
48231
28391
-26171
-1773
-30684
-44180
-39287
-12754
-30130
48715
-30620
-13760
40302
-37047
-36092
14555
-25776
-32962
-47016
37075
30555
38923
26341
35163
41420
14578
30835
8211
-49189
-23188
49118
25604
33804
14458
10599
-20813
-754
-40707
-33793
8542
-4729
10762
-38519
35784
23350
-2954
33643
31378
1489
-31788
-18838
-27393
43502
-34313
12491
-31633
-9437
33440
-27925
26330
27358
46053
26506
9705
-36026
695
-23081
-35056
-44886
-21933
31444
14305
-19381
-49868
-5928
16628
13226
-30158
-19457
-19248
30117
23559
-29528
44182
48805
36536
-36517
1327
-1069
-49050
31379
-48884
-49842
-21201
-19330
6684
-2265
-35972
17577
16520
9429
-4215
26840
39578
-43235
17406
28978
24629
33553
-20555
11666
32153
-13571
-37874
13124
-25928
-45097
2857
38195
-17884
-35665
23669
29662
18952
32801
22246
41903
34019
-31713
-38831
-4269
-10220
-34982
-3737
46836
-8586
-20590
-33051
-24746
42904
38057
48889
-36879
38628
-33409
14404
-31635
-40799
48283
45788
40864
-14475
-47166
3683
-38937
23678
-43597
-28443
33007
41642
-17044
45123
-27580
-7948
29231
-42271
11451
-38683
-5017
25787
8101
8582
-1514
-13707
-39984
-5073
-38829
-30588
-7602
25798
-2195
12873
34169
9995
-38957
11333
-2350
-3709
-4975
-17088
-47449
15373
-26672
13707
-651
23241
-19975
361
-3231
28503
-23698
2326
-12492
-23105
23057
-1409
-6557
33964
48835
10942
-1170
452
48377
2181
-31809
-21039
41693
38306
45184
24668
-17719
-17139
20551
-45347
46002
1191
-37385
29841
-39349
34864
-41599
37955
-20007
11651
15489
29835
20803
7270
45333
-32482
20814
-10776
-34964
-18588
-2898
-49949
12064
9737
2721
-25294
191
26400
9060
37777
46147
27141
34283
4714
44449
2734
12502
41504
-460
5205
20521
42928
36222
46743
-24243
36930
104
30076
17056
9147
-19486
49948
8231
-24677
39559
47696
-20603
6090
-15278
8553
34376
-42760
9495
-49758
11761
4133
8372
-34094
-23967
-9963
-41680
4279
33727
41036
-9777
32106
48934
-17792
-13785
7192
19694
14497
5952
18482
-45502
33972
5500
-27249
-27055
-33509
23605
-30305
-1321
-45867
-47377
24373
-7894
-20904
-11640
-43276
35718
49638
35198
31073
-33561
38931
37786
34212
11919
-27666
-6325
-2865
-29881
28686
-22923
15561
-9162
37360
23122
-34051
-45869
-40090
38367
-17504
28811
39620
-37496
-33196
30324
33588
-23448
28553
37639
-18909
-9120
48988
10892
24203
41045
38403
23593
25769
-5811
34009
-42623
-22648
-35915
3386
1022
-29113
-27708
-42391
-23864
32676
-5009
-27125
27991
-10910
16902
19343
-33712
-18537
-1029
-28356
26481
-45974
6459
-38826
-19862
11264
33140
-15202
7079
-27181
714
-20945
-12521
-46939
7233
-32163
36427
-24207
7300
-42170
-23113
7597
-49737
-25739
13737
10674
-48090
37755
31131
-36887
-37015
-1472
21083
-10402
-37958
40433
15652
-31666
5743
12018
22900
-4355
-36099
-6018
-22354
-29323
16152
41750
31097
-4485
-34781
5144
42140
-21034
-19749
-9736
-44365
47318
36866
-2486
19514
48100
-33875
31800
22604
34666
1259
2446
-7001
37364
-23027
-32083
-22828
34573
10811
-46539
-38196
26695
44359
2316
33145
5878
24691
-40385
34752
28716
-7089
49505
-19108
32540
41244
28439
33577
-19327
-239
-12525
-23492
17572
8071
32507
30080
-29999
14401
-684
-28094
8547
17633
37484
4060
30753
-13010
25031
13027
-37348
-33818
20955
7493
-26858
1468
37023
-46172
27244
43031
27669
-153
-679
22934
-43123
-29767
34191
46101
-27660
14169
5559
25595
-49387
-45156
9809
24898
46489
38288
-18063
-30486
42188
-6460
-35125
-26933
19922
-14192
10388
34639
4139
-21343
-32904
33420
-14909
33061
-9493
35373
7159
6542
25788
13065
19348
29378
10087
43301
20315
36505
-11789
40261
-49683
14744
39504
-25434
-49744
31511
-16962
38780
-9121
-44111
-42514
-10287
-42475
48162
15905
-35247
-34520
-16855
1234
-15201
-27350
-40451
28752
-32707
-14157
18516
35845
-28901
-14787
23745
-35607
-47040
-21791
43002
6757
30665
-19566
-4841
-13782
-21739
6936
20584
10694
10873
-10278
-17288
-13128
46266
-21283
2157
25150
-30702
-32477
34589
-28264
35796
-34768
3782
-43222
-37715
-4554
-12801
-41063
46738
36290
-33706
-27726
-47702
-34774
26879
15400
25800
25404
-41903
-48174
38311
-19607
26843
-15640
-28276
39512
-45253
-12142
-27477
-48479
-23609
-35398
32294
-1092
-38345
3324
41979
-31837
2399
-10597
-1166
906
25376
-39809
28530
-27753
-6087
1293
-29395
-28811
40043
-42251
-39595
1179
39375
-36110
41038
5114
-29436
-37799
4421
17700
16334
-25423
29231
-45665
-29276
-17663
32028
-47
23823
-35203
18539
37260
13865
-37956
-22425
8380
33341
-5494
-587
33782
20188
34161
-17571
-3709
4347
26803
40842
13987
-6322
-10767
-13823
-18755
12493
31285
32430
15203
40903
17516
-21760
-37023
13483
-32904
-15716
-48447
-30263
37520
6183
30297
-11376
41380
13226
13002
24077
33901
14052
6699
-21899
36164
-8167
875
34499
28256
-36294
-17489
44766
-6535
-24570
9190
27458
-461
-15428
46574
14335
-31689
33199
-16399
24354
-7883
6854
-47961
-8797
6304
10554
-6873
-19709
-25581
20146
22057
9836
-416
-34965
-3815
-9410
46833
-14170
-15854
25765
-12307
36337
-1354
