0 5701 1 5710 10788
19602 24464 17066 21928 9186
26933 43080 21945 38086 30574
59123 67213 53553 61632 15463
75337 79980 68407 73053 8712
82429 86147 73712 77426 6567
89071 137950 80563 129438 94366
139452 157796 130972 149302 34339
161485 176022 151383 165934 26234
180213 195070 170225 185086 28151
202998 223968 193309 214278 40909
244943 246316 355067 356438 2470
505696 518213 546463 558973 23316
522104 532937 561465 572313 20354
544252 549008 595533 600294 8694
550525 552995 601746 604220 4358
561496 573161 614006 625678 22733
583022 587231 641989 646188 7963
589769 604398 647780 662423 27339
611672 617236 669948 675511 9755
621372 653705 680992 713321 62402
658234 665213 727795 734775 13352
665748 665834 735357 735440 159
666807 684421 735877 753490 33843
698265 707431 772166 781340 16689
715272 727067 786571 798370 22879
750437 756645 804100 810303 11792
760053 760241 814144 814332 354
760412 779548 814396 833525 36752
782385 784811 838654 841076 4562
790034 798541 881028 889537 16031
803533 815061 895393 906926 21782
822225 840728 912114 930607 35627
862335 885385 961257 984307 44470
892409 903166 988965 999726 20293
924170 928478 1302279 1306573 7506
928599 931175 1306595 1309168 4500
1588896 1593831 1373585 1378511 9335
1600529 1607969 1379103 1386539 14173
1608041 1621741 1390028 1403713 26073
1630297 1637643 1412933 1420277 14032
1646031 1664287 1427582 1445847 35206
1678636 1702180 1502573 1526120 45554
1713435 1724411 1526562 1537528 20789
1735222 1744546 1548224 1557539 17192
1745599 1752399 1558665 1565461 12761
1760919 1776550 1577985 1593618 30183
1796189 1806146 1622215 1632164 18885
1807905 1817649 1680652 1690389 18031
1822867 1829545 1693403 1700088 12822
1844496 1865281 1710044 1730814 40159
1868130 1868663 1735902 1736436 922
1869485 1870197 1737830 1738544 1359
1870754 1875535 1751057 1755839 9055
1905429 1918964 1762442 1775978 25828
1922568 1929959 1778575 1785977 13985
1931320 1932653 1789155 1790489 2438
1937869 1940491 2289944 2292559 4537
1940660 1944585 2293238 2297167 6692
1944700 1956502 2399512 2411314 21239
1985719 1987186 2445206 2446668 2538
2041995 2043347 2586796 2588152 2443
2343779 2348389 2641244 2645868 8864
2360013 2424056 2657633 2721681 122357
2439352 2451668 2729881 2742203 23332
2467305 2475362 2752154 2760216 15143
2481373 2502069 2760818 2781517 39735
2506086 2539968 2782840 2816716 65555
2551241 2561052 2824938 2834734 18388
2563956 2569449 2839016 2844507 9903
2578320 2585521 2851715 2858913 13414
2600692 2624200 2929884 2953399 44844
2634514 2641031 2963623 2970144 12260
2644821 2645047 2971951 2972174 415
2651790 2656077 2977492 2981785 7850
2667607 2710120 2993305 3035842 80807
2713588 2722818 3040077 3049340 17229
2724788 2726415 3051096 3052723 3076
2734665 2747437 3060961 3073724 24730
2809203 2827397 3078368 3096581 34435
2829878 2843915 3099522 3113561 27115
2848402 2874235 3117926 3143755 49495
2890243 2905478 3202314 3217551 29082
2913962 2921417 3224698 3232143 14080
2921423 2927367 3232148 3238080 11410
2953665 2960142 3250089 3256566 12302
2969934 2977638 3263055 3270754 14652
2982130 2989043 3273913 3280820 12514
2992969 3005613 3285325 3297964 23821
3014345 3028755 3306666 3321068 26801
3032814 3046762 3330732 3344682 26763
3046780 3060664 3353972 3367860 26073
3333753 3343518 3373630 3383383 18887
3360343 3374530 3398738 3412922 27524
3376101 3419047 3442626 3485570 82646
3426225 3458451 3506547 3538766 62092
3472189 3483309 3554692 3565815 21063
3495910 3508426 3578974 3591477 23914
3509661 3512741 3591697 3594777 5838
3514664 3524822 3597573 3607729 19569
3532876 3547040 3614490 3628654 27097
3561954 3562523 3718329 3718900 1004
3616464 3644391 3723323 3751252 53779
3655194 3670686 3763610 3779110 30298
3677757 3698673 3782817 3803730 39284
3698820 3707439 3805570 3814192 16613
3707559 3719266 3814294 3826002 22946
3723770 3738710 3892217 3907160 29153
3740948 3745929 3909806 3914786 9555
3746270 3753093 3914912 3921734 13305
3754011 3767232 3922639 3935872 25055
3782979 3802198 3950662 3969876 37034
3813088 3870751 3987544 4045204 112370
3870791 3880259 4045258 4054726 18137
3881132 3886704 4054776 4060346 10898
3898271 3913270 4069031 4084040 29074
3921942 3930482 4084137 4092678 16405
3941174 3999094 4103573 4161489 113315
4006549 4028456 4174268 4196167 42548
4040786 4058206 4207761 4225173 32605
4059776 4092765 4227061 4260064 62388
4093698 4133813 4260150 4300283 75945
4135257 4150327 4300316 4315383 28444
4166277 4185756 4322158 4341636 37105
4187397 4206514 4343355 4362465 36372
4211259 4222432 4365793 4376961 21206
4546286 4548447 4876784 4878942 4144
4551754 4559602 4882380 4890230 15232
4575719 4586508 4900082 4910873 20769
4595084 4603658 4919462 4928046 15726
4606441 4611256 4931328 4936140 8990
4621371 4625381 4938744 4942749 6817
4642774 4651006 4943600 4951831 15727
4651454 4669431 4954141 4972113 34496
4672655 4690870 4975305 4993530 34720
4694221 4722308 4996941 5025023 53807
4722565 4726218 5025383 5029039 6621
4726303 4731607 5029057 5034360 9955
4731618 4732924 5034411 5035734 2319
4745825 4770536 5048674 5073391 47810
4774984 4777686 5075264 5077966 4656
4800496 4812982 5118254 5130744 23811
4816371 4866203 5134951 5184785 96161
4881398 4902931 5197650 5219192 41196
4908975 4911681 5222366 5225070 5223
4912719 4922567 5225688 5235537 19243
4922634 4924946 5235958 5238283 4129
4931273 4932910 5242647 5244282 2851
4938616 4944249 5249657 5255293 10953
4983571 5014757 5290988 5322173 60084
5026646 5030078 5329769 5333200 6541
5030330 5032079 5344808 5346556 3355
5037277 5046470 5348055 5357244 16788
5048929 5053523 5361093 5365687 8275
5060120 5061565 5389678 5391127 2572
5099238 5104885 5417508 5423175 10164
5109742 5112396 5426935 5429584 5089
5112402 5119317 5429621 5436546 12915
5123634 5132066 5440883 5449313 16417
# optimal chain of length 159 with score 3838964
# 2013745 bp covered on sequence 1 (coverage 39.24%)
# 2013793 bp covered on sequence 2 (coverage 36.95%)
